       0.3 1.0393e+006 
      0.31 1.06734e+006 
      0.32 1.09927e+006 
      0.33 1.12734e+006 
      0.34 1.15738e+006 
      0.35 1.18162e+006 
      0.36 1.20594e+006 
      0.37 1.2436e+006 
      0.38 1.2647e+006 
      0.39 1.29715e+006 
       0.4 1.31942e+006 
      0.41 1.34094e+006 
      0.42 1.36748e+006 
      0.43 1.38947e+006 
      0.44 1.42007e+006 
      0.45 1.43606e+006 
      0.46 1.46017e+006 
      0.47 1.48345e+006 
      0.48 1.50477e+006 
      0.49 1.52564e+006 
       0.5 1.54356e+006 
      0.51 1.56595e+006 
      0.52 1.58771e+006 
      0.53 1.61169e+006 
      0.54 1.62744e+006 
      0.55 1.66327e+006 
      0.56 1.66916e+006 
      0.57 1.69353e+006 
      0.58 1.6939e+006 
      0.59 1.70612e+006 
       0.6 1.70934e+006 
      0.61 1.72596e+006 
      0.62 1.74635e+006 
      0.63 1.74133e+006 
      0.64 1.73581e+006 
      0.65 1.72974e+006 
      0.66 1.74282e+006 
      0.67 1.70395e+006 
      0.68 1.69985e+006 
      0.69 1.66817e+006 
       0.7 1.62992e+006 
      0.71 1.58726e+006 
      0.72 1.56662e+006 
      0.73 1.47777e+006 
      0.74 1.44206e+006 
      0.75 1.34397e+006 
      0.76 1.28042e+006 
      0.77 1.20889e+006 
      0.78 1.112e+006 
      0.79 1.01292e+006 
       0.8     901200 
      0.81     777368 
      0.82     662920 
      0.83     552560 
      0.84     440072 
      0.85     338320 
      0.86     251352 
      0.87     176192 
      0.88     119717 
      0.89      77091 
       0.9      44561 
      0.91      24115 
      0.92      13920 
      0.93      11967 
      0.94      16172 
      0.95      24610 
      0.96      34526 
      0.97      45734 
      0.98      56958 
      0.99      66023 
         1      73819 
      1.01      79866 
      1.02      84429 
      1.03      85879 
      1.04      87624 
      1.05      86593 
      1.06      85396 
      1.07      82029 
      1.08      78568 
      1.09      73234 
       1.1      67879 
      1.11      61928 
      1.12      56809 
      1.13      51164 
      1.14      46410 
      1.15      41792 
      1.16      36863 
      1.17      32769 
      1.18      29177 
      1.19      26386 
       1.2      23949 
      1.21      22892 
      1.22      21176 
      1.23      20128 
      1.24      19506 
      1.25      19012 
      1.26      18698 
      1.27      18932 
      1.28      19166 
      1.29      19300 
       1.3      19588 
      1.31      19655 
      1.32      19769 
      1.33      19504 
      1.34      19084 
      1.35      18379 
      1.36      17775 
      1.37      17363 
      1.38      16489 
      1.39      15463 
       1.4      14195 
      1.41      12664 
      1.42      11618 
      1.43      10142 
      1.44       9221 
      1.45       7935 
      1.46       6599 
      1.47       5516 
      1.48       4572 
      1.49       3647 
       1.5       3009 
      1.51       2479 
      1.52       2120 
      1.53       1968 
      1.54       2133 
      1.55       2260 
      1.56       2629 
      1.57       3028 
      1.58       3651 
      1.59       4229 
       1.6       5049 
      1.61       5779 
      1.62       7013 
      1.63       8134 
      1.64       8808 
      1.65       9850 
      1.66      10528 
      1.67      11534 
      1.68      12191 
      1.69      12817 
       1.7      13422 
      1.71      13907 
      1.72      14371 
      1.73      14421 
      1.74      14801 
      1.75      14537 
      1.76      14189 
      1.77      13856 
      1.78      13860 
      1.79      13361 
       1.8      12897 
      1.81      12113 
      1.82      11493 
      1.83      10303 
      1.84       9758 
      1.85       8860 
      1.86       7968 
      1.87       7265 
      1.88       6369 
      1.89       5470 
       1.9       4730 
      1.91       3985 
      1.92       3231 
      1.93       2572 
      1.94       2096 
      1.95       1479 
      1.96       1099 
      1.97        814 
      1.98        527 
      1.99        322 
         2        241 
      2.01        187 
      2.02        269 
      2.03        350 
      2.04        523 
      2.05        747 
      2.06        992 
      2.07       1304 
      2.08       1615 
      2.09       1969 
       2.1       2283 
      2.11       2692 
      2.12       3144 
      2.13       3501 
      2.14       3739 
      2.15       4135 
      2.16       4422 
      2.17       4613 
      2.18       4905 
      2.19       5070 
       2.2       5244 
      2.21       5354 
      2.22       5424 
      2.23       5495 
      2.24       5378 
      2.25       5357 
      2.26       5302 
      2.27       5160 
      2.28       4920 
      2.29       4930 
       2.3       4661 
      2.31       4281 
      2.32       4039 
      2.33       3820 
      2.34       3459 
      2.35       3218 
      2.36       2945 
      2.37       2691 
      2.38       2435 
      2.39       2070 
       2.4       1815 
      2.41       1449 
      2.42       1245 
      2.43       1080 
      2.44        878 
      2.45        684 
      2.46        528 
      2.47        385 
      2.48        324 
      2.49        193 
       2.5        122 
      2.51         86 
      2.52         52 
      2.53         50 
      2.54         94 
      2.55        109 
      2.56        143 
      2.57        213 
      2.58        288 
      2.59        346 
       2.6        419 
      2.61        520 
      2.62        584 
      2.63        716 
      2.64        831 
      2.65        869 
      2.66        941 
      2.67       1071 
      2.68       1079 
      2.69       1193 
       2.7       1217 
      2.71       1363 
      2.72       1466 
      2.73       1407 
      2.74       1420 
      2.75       1426 
      2.76       1434 
      2.77       1365 
      2.78       1350 
      2.79       1363 
       2.8       1308 
      2.81       1300 
      2.82       1197 
      2.83       1221 
      2.84       1072 
      2.85       1006 
      2.86        930 
      2.87        953 
      2.88        843 
      2.89        820 
       2.9        712 
      2.91        614 
      2.92        578 
      2.93        514 
      2.94        453 
      2.95        384 
      2.96        358 
      2.97        271 
      2.98        256 
      2.99        227 
         3        158 
      3.01        126 
      3.02        112 
      3.03         89 
      3.04         89 
      3.05         84 
      3.06         84 
      3.07         61 
      3.08         74 
      3.09         79 
       3.1         95 
      3.11        108 
      3.12        123 
      3.13        132 
      3.14        155 
      3.15        164 
      3.16        196 
      3.17        205 
      3.18        212 
      3.19        244 
       3.2        269 
      3.21        239 
      3.22        282 
      3.23        326 
      3.24        353 
      3.25        322 
      3.26        281 
      3.27        292 
      3.28        314 
      3.29        308 
       3.3        309 
      3.31        309 
      3.32        306 
      3.33        306 
      3.34        329 
      3.35        271 
      3.36        261 
      3.37        239 
      3.38        258 
      3.39        235 
       3.4        226 
      3.41        223 
      3.42        190 
      3.43        188 
      3.44        203 
      3.45        183 
      3.46        174 
      3.47        175 
      3.48        157 
      3.49        134 
       3.5        126 
      3.51        147 
      3.52        107 
      3.53        116 
      3.54        125 
      3.55        125 
      3.56        106 
      3.57        129 
      3.58        109 
      3.59        136 
       3.6        100 
      3.61        114 
      3.62        113 
      3.63        119 
      3.64        107 
      3.65        132 
      3.66        110 
      3.67         92 
      3.68        108 
      3.69         79 
       3.7         82 
      3.71        104 
      3.72         76 
      3.73         99 
      3.74         60 
      3.75         81 
      3.76         74 
      3.77         76 
      3.78         60 
      3.79         53 
       3.8         57 
      3.81         66 
      3.82         55 
      3.83         63 
      3.84         58 
      3.85         49 
      3.86         51 
      3.87         43 
      3.88         48 
      3.89         59 
       3.9         41 
      3.91         38 
      3.92         39 
      3.93         48 
      3.94         60 
      3.95         54 
      3.96         61 
      3.97         67 
      3.98         76 
      3.99         73 
         4         80 
      4.01         96 
      4.02         95 
      4.03         89 
      4.04         98 
      4.05        112 
      4.06        105 
      4.07        103 
      4.08        113 
      4.09        110 
       4.1        107 
      4.11        133 
      4.12        113 
      4.13        139 
      4.14        108 
      4.15        113 
      4.16        112 
      4.17         89 
      4.18        104 
      4.19         96 
       4.2        105 
      4.21         90 
      4.22         84 
      4.23         70 
      4.24         72 
      4.25         62 
      4.26         62 
      4.27         48 
      4.28         44 
      4.29         31 
       4.3         35 
      4.31         30 
      4.32         23 
      4.33         19 
      4.34         16 
      4.35          4 
      4.36         14 
      4.37         11 
      4.38          9 
      4.39          6 
       4.4          5 
      4.41          5 
      4.42         17 
      4.43         15 
      4.44         15 
      4.45         21 
      4.46         20 
      4.47         30 
      4.48         34 
      4.49         31 
       4.5         39 
      4.51         50 
      4.52         72 
      4.53         66 
      4.54         65 
      4.55         50 
      4.56         49 
      4.57         64 
      4.58         78 
      4.59         66 
       4.6         80 
      4.61         75 
      4.62         60 
      4.63         91 
      4.64         76 
      4.65         78 
      4.66         84 
      4.67         57 
      4.68         69 
      4.69         65 
       4.7         59 
      4.71         66 
      4.72         63 
      4.73         44 
      4.74         43 
      4.75         50 
      4.76         51 
      4.77         39 
      4.78         33 
      4.79         33 
       4.8         26 
      4.81         14 
      4.82         12 
      4.83         19 
      4.84          9 
      4.85          8 
      4.86          6 
      4.87         10 
      4.88          4 
      4.89          6 
       4.9          6 
      4.91          5 
      4.92         13 
      4.93          8 
      4.94         12 
      4.95         13 
      4.96         16 
      4.97         11 
      4.98         18 
      4.99         16 
         5         21 
      5.01         17 
      5.02         17 
      5.03         14 
      5.04         25 
      5.05         23 
      5.06         23 
      5.07         21 
      5.08         26 
      5.09         35 
       5.1         25 
      5.11         33 
      5.12         32 
      5.13         32 
      5.14         30 
      5.15         26 
      5.16         36 
      5.17         22 
      5.18         38 
      5.19         23 
       5.2         20 
      5.21         32 
      5.22         19 
      5.23         24 
      5.24         12 
      5.25         14 
      5.26         15 
      5.27         23 
      5.28         14 
      5.29         19 
       5.3          8 
      5.31          7 
      5.32         15 
      5.33         10 
      5.34         13 
      5.35         12 
      5.36          8 
      5.37          9 
      5.38         13 
      5.39         12 
       5.4         15 
      5.41          9 
      5.42         16 
      5.43         10 
      5.44          6 
      5.45          8 
      5.46         11 
      5.47          8 
      5.48          9 
      5.49          9 
       5.5         17 
      5.51         14 
      5.52         12 
      5.53         13 
      5.54         14 
      5.55         11 
      5.56         11 
      5.57          9 
      5.58         16 
      5.59          6 
       5.6         11 
      5.61          8 
      5.62         14 
      5.63         13 
      5.64          8 
      5.65          7 
      5.66          7 
      5.67          7 
      5.68          9 
      5.69          7 
       5.7          6 
      5.71          4 
      5.72         13 
      5.73         11 
      5.74         12 
      5.75          9 
      5.76          2 
      5.77          8 
      5.78          9 
      5.79         11 
       5.8          6 
      5.81         11 
      5.82         13 
      5.83          5 
      5.84         15 
      5.85         10 
      5.86         14 
      5.87          5 
      5.88         14 
      5.89          5 
       5.9         12 
      5.91         13 
      5.92          7 
      5.93         13 
      5.94         10 
      5.95         19 
      5.96          6 
      5.97         16 
      5.98         12 
      5.99          5 
         6          9 
      6.01          9 
      6.02          7 
      6.03          4 
      6.04          6 
      6.05         12 
      6.06         15 
      6.07         11 
      6.08          5 
      6.09          6 
       6.1          2 
      6.11          3 
      6.12          8 
      6.13          5 
      6.14          6 
      6.15          4 
      6.16          4 
      6.17          8 
      6.18          4 
      6.19          1 
       6.2          7 
      6.21          3 
      6.22          4 
      6.23          5 
      6.24          5 
      6.25          5 
      6.26          1 
      6.27          8 
      6.28          8 
      6.29          5 
       6.3          4 
      6.31          5 
      6.32          5 
      6.33          8 
      6.34          8 
      6.35          4 
      6.36          7 
      6.37          7 
      6.38         12 
      6.39         14 
       6.4          4 
      6.41         10 
      6.42          7 
      6.43          7 
      6.44          6 
      6.45          5 
      6.46          7 
      6.47         11 
      6.48          9 
      6.49          4 
       6.5          6 
      6.51         10 
      6.52          3 
      6.53          7 
      6.54          3 
      6.55         11 
      6.56          3 
      6.57          9 
      6.58         11 
      6.59          5 
       6.6          7 
      6.61          5 
      6.62          5 
      6.63          3 
      6.64          7 
      6.65          1 
      6.66          4 
      6.67          3 
      6.68          2 
      6.69          1 
       6.7          3 
      6.71          4 
      6.72          3 
      6.73          4 
      6.74          5 
      6.75          2 
      6.76          5 
      6.77          4 
      6.78          4 
      6.79          5 
       6.8          6 
      6.81          0 
      6.82          2 
      6.83          3 
      6.84          4 
      6.85          5 
      6.86          1 
      6.87          3 
      6.88          5 
      6.89          7 
       6.9          5 
      6.91          1 
      6.92          1 
      6.93          4 
      6.94          1 
      6.95          8 
      6.96          2 
      6.97          4 
      6.98          2 
      6.99          2 
         7          3 
      7.01          1 
      7.02          7 
      7.03          3 
      7.04          1 
      7.05          4 
      7.06          3 
      7.07          9 
      7.08          0 
      7.09          2 
       7.1          5 
      7.11          5 
      7.12          1 
      7.13          4 
      7.14          2 
      7.15          4 
      7.16          2 
      7.17          3 
      7.18          2 
      7.19          5 
       7.2          1 
      7.21          5 
      7.22          2 
      7.23          3 
      7.24          0 
      7.25          4 
      7.26          4 
      7.27          1 
      7.28          3 
      7.29          7 
       7.3          3 
      7.31          6 
      7.32          5 
      7.33          2 
      7.34          6 
      7.35          2 
      7.36          2 
      7.37          3 
      7.38          2 
      7.39          3 
       7.4          2 
      7.41          1 
      7.42          4 
      7.43          4 
      7.44          2 
      7.45          5 
      7.46          4 
      7.47          2 
      7.48          4 
      7.49          2 
       7.5          1 
      7.51          2 
      7.52          4 
      7.53          1 
      7.54          1 
      7.55          4 
      7.56          2 
      7.57          4 
      7.58          4 
      7.59          4 
       7.6          0 
      7.61          1 
      7.62          2 
      7.63          6 
      7.64          3 
      7.65          2 
      7.66          1 
      7.67          2 
      7.68          3 
      7.69          4 
       7.7          3 
      7.71          2 
      7.72          4 
      7.73          2 
      7.74          1 
      7.75          7 
      7.76          4 
      7.77          1 
      7.78          6 
      7.79          4 
       7.8          3 
      7.81          1 
      7.82          5 
      7.83          4 
      7.84          2 
      7.85          1 
      7.86          2 
      7.87          2 
      7.88          2 
      7.89          2 
       7.9          2 
      7.91          2 
      7.92          2 
      7.93          3 
      7.94          1 
      7.95          0 
      7.96          3 
      7.97          1 
      7.98          1 
      7.99          3 
         8          3 
      8.01          3 
      8.02          6 
      8.03          2 
      8.04          6 
      8.05          4 
      8.06          3 
      8.07          2 
      8.08          5 
      8.09          2 
       8.1          4 
      8.11          2 
      8.12          4 
      8.13          3 
      8.14          2 
      8.15          3 
      8.16          3 
      8.17          2 
      8.18          2 
      8.19          3 
       8.2          6 
      8.21          2 
      8.22          1 
      8.23          3 
      8.24          5 
      8.25          3 
      8.26          1 
      8.27          0 
      8.28          5 
      8.29          2 
       8.3          5 
      8.31          0 
      8.32          2 
      8.33          3 
      8.34          2 
      8.35          2 
      8.36          1 
      8.37          2 
      8.38          0 
      8.39          2 
       8.4          2 
      8.41          2 
      8.42          2 
      8.43          2 
      8.44          2 
      8.45          0 
      8.46          5 
      8.47          1 
      8.48          0 
      8.49          4 
       8.5          2 
      8.51          2 
      8.52          3 
      8.53          4 
      8.54          2 
      8.55          6 
      8.56          2 
      8.57          2 
      8.58          0 
      8.59          1 
       8.6          3 
      8.61          0 
      8.62          1 
      8.63          3 
      8.64          2 
      8.65          2 
      8.66          0 
      8.67          1 
      8.68          1 
      8.69          3 
       8.7          4 
      8.71          1 
      8.72          2 
      8.73          1 
      8.74          1 
      8.75          0 
      8.76          1 
      8.77          1 
      8.78          1 
      8.79          2 
       8.8          2 
      8.81          5 
      8.82          2 
      8.83          2 
      8.84          1 
      8.85          5 
      8.86          3 
      8.87          2 
      8.88          2 
      8.89          1 
       8.9          2 
      8.91          1 
      8.92          0 
      8.93          4 
      8.94          3 
      8.95          3 
      8.96          2 
      8.97          1 
      8.98          1 
      8.99          2 
         9          1 
