       0.3 1.0619e+006 
      0.31 1.09676e+006 
      0.32 1.12914e+006 
      0.33 1.15978e+006 
      0.34 1.18005e+006 
      0.35 1.22056e+006 
      0.36 1.2449e+006 
      0.37 1.27379e+006 
      0.38 1.29982e+006 
      0.39 1.32908e+006 
       0.4 1.35218e+006 
      0.41 1.3829e+006 
      0.42 1.41194e+006 
      0.43 1.43634e+006 
      0.44 1.4673e+006 
      0.45 1.48844e+006 
      0.46 1.51274e+006 
      0.47 1.53462e+006 
      0.48 1.55748e+006 
      0.49 1.5753e+006 
       0.5 1.59875e+006 
      0.51 1.62099e+006 
      0.52 1.65131e+006 
      0.53 1.67704e+006 
      0.54 1.70977e+006 
      0.55 1.72304e+006 
      0.56 1.72428e+006 
      0.57 1.74561e+006 
      0.58 1.77971e+006 
      0.59 1.7799e+006 
       0.6 1.80866e+006 
      0.61 1.80321e+006 
      0.62 1.8029e+006 
      0.63 1.806e+006 
      0.64 1.78963e+006 
      0.65 1.79093e+006 
      0.66 1.79081e+006 
      0.67 1.78907e+006 
      0.68 1.77066e+006 
      0.69 1.74239e+006 
       0.7 1.70773e+006 
      0.71 1.6652e+006 
      0.72 1.6231e+006 
      0.73 1.58695e+006 
      0.74 1.50449e+006 
      0.75 1.44361e+006 
      0.76 1.35427e+006 
      0.77 1.26784e+006 
      0.78 1.18066e+006 
      0.79 1.07689e+006 
       0.8     960320 
      0.81     845728 
      0.82     723528 
      0.83     599560 
      0.84     484032 
      0.85     375560 
      0.86     281960 
      0.87     199568 
      0.88     136499 
      0.89      89860 
       0.9      53741 
      0.91      29763 
      0.92      17015 
      0.93      12893 
      0.94      16235 
      0.95      24679 
      0.96      35183 
      0.97      47099 
      0.98      58847 
      0.99      69150 
         1      78438 
      1.01      85510 
      1.02      90388 
      1.03      93168 
      1.04      94614 
      1.05      94016 
      1.06      93058 
      1.07      90611 
      1.08      85742 
      1.09      81153 
       1.1      74994 
      1.11      69116 
      1.12      62916 
      1.13      57389 
      1.14      52595 
      1.15      46734 
      1.16      41326 
      1.17      36582 
      1.18      32155 
      1.19      28613 
       1.2      26086 
      1.21      23732 
      1.22      22142 
      1.23      21028 
      1.24      19981 
      1.25      19332 
      1.26      19070 
      1.27      18944 
      1.28      19319 
      1.29      19444 
       1.3      19915 
      1.31      20154 
      1.32      20140 
      1.33      19839 
      1.34      19590 
      1.35      19227 
      1.36      19117 
      1.37      18487 
      1.38      17600 
      1.39      16846 
       1.4      15673 
      1.41      14229 
      1.42      13109 
      1.43      11534 
      1.44      10391 
      1.45       9224 
      1.46       7971 
      1.47       6977 
      1.48       5852 
      1.49       4678 
       1.5       3771 
      1.51       3043 
      1.52       2599 
      1.53       2363 
      1.54       2185 
      1.55       2333 
      1.56       2584 
      1.57       2892 
      1.58       3332 
      1.59       3824 
       1.6       4657 
      1.61       5519 
      1.62       6679 
      1.63       7507 
      1.64       8559 
      1.65       9302 
      1.66      10221 
      1.67      11209 
      1.68      11981 
      1.69      12838 
       1.7      13593 
      1.71      14334 
      1.72      14502 
      1.73      14858 
      1.74      15267 
      1.75      14723 
      1.76      14854 
      1.77      14829 
      1.78      14356 
      1.79      14122 
       1.8      13676 
      1.81      13276 
      1.82      12315 
      1.83      11607 
      1.84      10780 
      1.85       9878 
      1.86       9039 
      1.87       8175 
      1.88       7357 
      1.89       6338 
       1.9       5437 
      1.91       4612 
      1.92       3780 
      1.93       3022 
      1.94       2495 
      1.95       2011 
      1.96       1400 
      1.97       1015 
      1.98        701 
      1.99        376 
         2        262 
      2.01        200 
      2.02        202 
      2.03        269 
      2.04        440 
      2.05        623 
      2.06        904 
      2.07       1188 
      2.08       1508 
      2.09       1921 
       2.1       2200 
      2.11       2696 
      2.12       3026 
      2.13       3574 
      2.14       3819 
      2.15       4182 
      2.16       4501 
      2.17       4791 
      2.18       5001 
      2.19       5220 
       2.2       5239 
      2.21       5539 
      2.22       5667 
      2.23       5748 
      2.24       5854 
      2.25       5641 
      2.26       5682 
      2.27       5413 
      2.28       5205 
      2.29       5170 
       2.3       5078 
      2.31       4658 
      2.32       4290 
      2.33       4111 
      2.34       3822 
      2.35       3441 
      2.36       3036 
      2.37       2845 
      2.38       2590 
      2.39       2245 
       2.4       1917 
      2.41       1587 
      2.42       1379 
      2.43       1220 
      2.44        994 
      2.45        727 
      2.46        541 
      2.47        418 
      2.48        306 
      2.49        217 
       2.5        126 
      2.51         79 
      2.52         58 
      2.53         52 
      2.54         56 
      2.55         98 
      2.56        157 
      2.57        213 
      2.58        306 
      2.59        367 
       2.6        425 
      2.61        538 
      2.62        631 
      2.63        729 
      2.64        883 
      2.65        899 
      2.66        999 
      2.67       1127 
      2.68       1081 
      2.69       1180 
       2.7       1295 
      2.71       1319 
      2.72       1320 
      2.73       1385 
      2.74       1457 
      2.75       1392 
      2.76       1359 
      2.77       1366 
      2.78       1236 
      2.79       1347 
       2.8       1318 
      2.81       1218 
      2.82       1107 
      2.83       1168 
      2.84       1030 
      2.85       1018 
      2.86        969 
      2.87        885 
      2.88        882 
      2.89        698 
       2.9        703 
      2.91        622 
      2.92        581 
      2.93        495 
      2.94        428 
      2.95        370 
      2.96        318 
      2.97        310 
      2.98        223 
      2.99        229 
         3        170 
      3.01        147 
      3.02        128 
      3.03        108 
      3.04         94 
      3.05         94 
      3.06         88 
      3.07         89 
      3.08         76 
      3.09         82 
       3.1         93 
      3.11        111 
      3.12        113 
      3.13        131 
      3.14        136 
      3.15        162 
      3.16        193 
      3.17        186 
      3.18        194 
      3.19        190 
       3.2        227 
      3.21        242 
      3.22        246 
      3.23        229 
      3.24        266 
      3.25        260 
      3.26        274 
      3.27        262 
      3.28        259 
      3.29        266 
       3.3        244 
      3.31        275 
      3.32        289 
      3.33        245 
      3.34        242 
      3.35        265 
      3.36        253 
      3.37        217 
      3.38        240 
      3.39        217 
       3.4        231 
      3.41        236 
      3.42        202 
      3.43        214 
      3.44        198 
      3.45        188 
      3.46        189 
      3.47        167 
      3.48        175 
      3.49        165 
       3.5        164 
      3.51        162 
      3.52        142 
      3.53        155 
      3.54        138 
      3.55        147 
      3.56        126 
      3.57        143 
      3.58        111 
      3.59         95 
       3.6         90 
      3.61        111 
      3.62         90 
      3.63        105 
      3.64         85 
      3.65         90 
      3.66         78 
      3.67         87 
      3.68         80 
      3.69         80 
       3.7         78 
      3.71         64 
      3.72         63 
      3.73         72 
      3.74         67 
      3.75         60 
      3.76         73 
      3.77         59 
      3.78         58 
      3.79         60 
       3.8         50 
      3.81         63 
      3.82         58 
      3.83         69 
      3.84         53 
      3.85         55 
      3.86         60 
      3.87         59 
      3.88         45 
      3.89         55 
       3.9         51 
      3.91         75 
      3.92         69 
      3.93         51 
      3.94         61 
      3.95         67 
      3.96         73 
      3.97         59 
      3.98         72 
      3.99         76 
         4         62 
      4.01         77 
      4.02         93 
      4.03         90 
      4.04         89 
      4.05         91 
      4.06         86 
      4.07         86 
      4.08         89 
      4.09        108 
       4.1         86 
      4.11         90 
      4.12         97 
      4.13         86 
      4.14         81 
      4.15         74 
      4.16         80 
      4.17         78 
      4.18         70 
      4.19         69 
       4.2         66 
      4.21         80 
      4.22         66 
      4.23         56 
      4.24         55 
      4.25         51 
      4.26         47 
      4.27         49 
      4.28         32 
      4.29         37 
       4.3         26 
      4.31         28 
      4.32         18 
      4.33         24 
      4.34         19 
      4.35         18 
      4.36         17 
      4.37          9 
      4.38          9 
      4.39         10 
       4.4          8 
      4.41         22 
      4.42         22 
      4.43         17 
      4.44         13 
      4.45         18 
      4.46         17 
      4.47         21 
      4.48         14 
      4.49         33 
       4.5         27 
      4.51         39 
      4.52         37 
      4.53         36 
      4.54         34 
      4.55         45 
      4.56         41 
      4.57         42 
      4.58         43 
      4.59         33 
       4.6         53 
      4.61         53 
      4.62         58 
      4.63         55 
      4.64         55 
      4.65         58 
      4.66         55 
      4.67         60 
      4.68         58 
      4.69         51 
       4.7         48 
      4.71         45 
      4.72         35 
      4.73         48 
      4.74         39 
      4.75         64 
      4.76         45 
      4.77         37 
      4.78         26 
      4.79         33 
       4.8         26 
      4.81         22 
      4.82         30 
      4.83         22 
      4.84         22 
      4.85         16 
      4.86         16 
      4.87         17 
      4.88         10 
      4.89         13 
       4.9          7 
      4.91         12 
      4.92         10 
      4.93          6 
      4.94          9 
      4.95          8 
      4.96          7 
      4.97          8 
      4.98         12 
      4.99          8 
         5         12 
      5.01         12 
      5.02         14 
      5.03         15 
      5.04         17 
      5.05         22 
      5.06         15 
      5.07         17 
      5.08         20 
      5.09         26 
       5.1         21 
      5.11         18 
      5.12         18 
      5.13         31 
      5.14         38 
      5.15         27 
      5.16         16 
      5.17         23 
      5.18         22 
      5.19         21 
       5.2         27 
      5.21         26 
      5.22         23 
      5.23         21 
      5.24         23 
      5.25         20 
      5.26         26 
      5.27         24 
      5.28         20 
      5.29         19 
       5.3         17 
      5.31         18 
      5.32         14 
      5.33         21 
      5.34         14 
      5.35          9 
      5.36         20 
      5.37         16 
      5.38          7 
      5.39          8 
       5.4         11 
      5.41          9 
      5.42          6 
      5.43          3 
      5.44          8 
      5.45          7 
      5.46          6 
      5.47          3 
      5.48          5 
      5.49          4 
       5.5          3 
      5.51          8 
      5.52          4 
      5.53         10 
      5.54          5 
      5.55          9 
      5.56         10 
      5.57          8 
      5.58          6 
      5.59         10 
       5.6         14 
      5.61          9 
      5.62         10 
      5.63          6 
      5.64          6 
      5.65         12 
      5.66         16 
      5.67          5 
      5.68         11 
      5.69         11 
       5.7         11 
      5.71         11 
      5.72          9 
      5.73          9 
      5.74          8 
      5.75         12 
      5.76         10 
      5.77          9 
      5.78         10 
      5.79          6 
       5.8         10 
      5.81         11 
      5.82          5 
      5.83         11 
      5.84          6 
      5.85         11 
      5.86         12 
      5.87         11 
      5.88          9 
      5.89          6 
       5.9         10 
      5.91          8 
      5.92          3 
      5.93          3 
      5.94          7 
      5.95          7 
      5.96          7 
      5.97         11 
      5.98          5 
      5.99          5 
         6          8 
      6.01          7 
      6.02          7 
      6.03          7 
      6.04         11 
      6.05          1 
      6.06          4 
      6.07          6 
      6.08          9 
      6.09          6 
       6.1         11 
      6.11          3 
      6.12         11 
      6.13          3 
      6.14          9 
      6.15          3 
      6.16          6 
      6.17          6 
      6.18          4 
      6.19          2 
       6.2          6 
      6.21          3 
      6.22          6 
      6.23          4 
      6.24          7 
      6.25          3 
      6.26          6 
      6.27          4 
      6.28          7 
      6.29         13 
       6.3          4 
      6.31          2 
      6.32          6 
      6.33          4 
      6.34          4 
      6.35          4 
      6.36          5 
      6.37          2 
      6.38          9 
      6.39          7 
       6.4          6 
      6.41          5 
      6.42          7 
      6.43          3 
      6.44         14 
      6.45          2 
      6.46          6 
      6.47          4 
      6.48          6 
      6.49         10 
       6.5          8 
      6.51          4 
      6.52          2 
      6.53          3 
      6.54          0 
      6.55          2 
      6.56          6 
      6.57          5 
      6.58          3 
      6.59          4 
       6.6          4 
      6.61          6 
      6.62          3 
      6.63          3 
      6.64          7 
      6.65          5 
      6.66          5 
      6.67          3 
      6.68          3 
      6.69          4 
       6.7          1 
      6.71          6 
      6.72          2 
      6.73          7 
      6.74          3 
      6.75          2 
      6.76          4 
      6.77          3 
      6.78          3 
      6.79          8 
       6.8          4 
      6.81          4 
      6.82          3 
      6.83          0 
      6.84          3 
      6.85          5 
      6.86          3 
      6.87          3 
      6.88          3 
      6.89          2 
       6.9          5 
      6.91          3 
      6.92          1 
      6.93          4 
      6.94          3 
      6.95          4 
      6.96          8 
      6.97          2 
      6.98          6 
      6.99          8 
         7          4 
      7.01          5 
      7.02          3 
      7.03          3 
      7.04          6 
      7.05          3 
      7.06          2 
      7.07          9 
      7.08          1 
      7.09          6 
       7.1          4 
      7.11          0 
      7.12          4 
      7.13          7 
      7.14          4 
      7.15          1 
      7.16          5 
      7.17          2 
      7.18          4 
      7.19          4 
       7.2          4 
      7.21          4 
      7.22          0 
      7.23          5 
      7.24          4 
      7.25          4 
      7.26          2 
      7.27          2 
      7.28          3 
      7.29          7 
       7.3          2 
      7.31          0 
      7.32          2 
      7.33          2 
      7.34          4 
      7.35          1 
      7.36          3 
      7.37          4 
      7.38          2 
      7.39          2 
       7.4          3 
      7.41          3 
      7.42          3 
      7.43          6 
      7.44          3 
      7.45          5 
      7.46          3 
      7.47          3 
      7.48          3 
      7.49          2 
       7.5          1 
      7.51          4 
      7.52          1 
      7.53          2 
      7.54          5 
      7.55          2 
      7.56          4 
      7.57          3 
      7.58          4 
      7.59          4 
       7.6          5 
      7.61          2 
      7.62          5 
      7.63          1 
      7.64          0 
      7.65          2 
      7.66          2 
      7.67          3 
      7.68          3 
      7.69          4 
       7.7          5 
      7.71          2 
      7.72          3 
      7.73          3 
      7.74          2 
      7.75          0 
      7.76          2 
      7.77          1 
      7.78          2 
      7.79          4 
       7.8          1 
      7.81          3 
      7.82          5 
      7.83          4 
      7.84          2 
      7.85          3 
      7.86          1 
      7.87          1 
      7.88          5 
      7.89          3 
       7.9          4 
      7.91          3 
      7.92          1 
      7.93          1 
      7.94          4 
      7.95          1 
      7.96          5 
      7.97          1 
      7.98          2 
      7.99          5 
         8          1 
      8.01          1 
      8.02          0 
      8.03          2 
      8.04          1 
      8.05          0 
      8.06          2 
      8.07          2 
      8.08          4 
      8.09          2 
       8.1          1 
      8.11          4 
      8.12          3 
      8.13          1 
      8.14          2 
      8.15          4 
      8.16          0 
      8.17          0 
      8.18          3 
      8.19          1 
       8.2          4 
      8.21          3 
      8.22          2 
      8.23          1 
      8.24          0 
      8.25          1 
      8.26          5 
      8.27          0 
      8.28          4 
      8.29          4 
       8.3          4 
      8.31          1 
      8.32          4 
      8.33          2 
      8.34          3 
      8.35          2 
      8.36          6 
      8.37          4 
      8.38          1 
      8.39          1 
       8.4          2 
      8.41          1 
      8.42          5 
      8.43          2 
      8.44          3 
      8.45          2 
      8.46          2 
      8.47          2 
      8.48          5 
      8.49          5 
       8.5          0 
      8.51          2 
      8.52          0 
      8.53          3 
      8.54          5 
      8.55          0 
      8.56          2 
      8.57          1 
      8.58          1 
      8.59          1 
       8.6          2 
      8.61          1 
      8.62          1 
      8.63          2 
      8.64          2 
      8.65          1 
      8.66          0 
      8.67          1 
      8.68          1 
      8.69          3 
       8.7          1 
      8.71          3 
      8.72          0 
      8.73          0 
      8.74          3 
      8.75          2 
      8.76          1 
      8.77          4 
      8.78          2 
      8.79          3 
       8.8          5 
      8.81          6 
      8.82          0 
      8.83          2 
      8.84          0 
      8.85          2 
      8.86          2 
      8.87          1 
      8.88          5 
      8.89          3 
       8.9          1 
      8.91          2 
      8.92          3 
      8.93          4 
      8.94          3 
      8.95          2 
      8.96          1 
      8.97          3 
      8.98          1 
      8.99          3 
         9          1 
