       0.3     457440 
      0.31     474568 
      0.32     490088 
      0.33     506704 
      0.34     525120 
      0.35     542320 
      0.36     555280 
      0.37     574792 
      0.38     584784 
      0.39     610624 
       0.4     622640 
      0.41     636320 
      0.42     653280 
      0.43     670880 
      0.44     687344 
      0.45     703696 
      0.46     719056 
      0.47     737632 
      0.48     744432 
      0.49     767200 
       0.5     780752 
      0.51     796832 
      0.52     811672 
      0.53     824408 
      0.54     844400 
      0.55     849816 
      0.56     870256 
      0.57     877576 
      0.58     892616 
      0.59     901536 
       0.6     915432 
      0.61     924664 
      0.62     945320 
      0.63     937120 
      0.64     939144 
      0.65     945000 
      0.66     953128 
      0.67     950792 
      0.68     944536 
      0.69     950872 
       0.7     941720 
      0.71     925288 
      0.72     905416 
      0.73     891168 
      0.74     865736 
      0.75     833216 
      0.76     800352 
      0.77     751384 
      0.78     706272 
      0.79     648448 
       0.8     591368 
      0.81     526200 
      0.82     457736 
      0.83     389920 
      0.84     320888 
      0.85     258744 
      0.86     198840 
      0.87     147640 
      0.88     108335 
      0.89      72787 
       0.9      45395 
      0.91      25628 
      0.92      12684 
      0.93       6864 
      0.94       6060 
      0.95       9372 
      0.96      14871 
      0.97      21820 
      0.98      29869 
      0.99      37991 
         1      45443 
      1.01      51445 
      1.02      56148 
      1.03      59629 
      1.04      61800 
      1.05      63237 
      1.06      64049 
      1.07      62759 
      1.08      61612 
      1.09      58745 
       1.1      55633 
      1.11      51922 
      1.12      48034 
      1.13      43874 
      1.14      39990 
      1.15      36236 
      1.16      32148 
      1.17      28534 
      1.18      24758 
      1.19      21770 
       1.2      19032 
      1.21      16783 
      1.22      15518 
      1.23      14275 
      1.24      13449 
      1.25      12498 
      1.26      11996 
      1.27      11762 
      1.28      12011 
      1.29      12229 
       1.3      12688 
      1.31      13574 
      1.32      13789 
      1.33      13881 
      1.34      14232 
      1.35      14149 
      1.36      14449 
      1.37      14349 
      1.38      14635 
      1.39      14482 
       1.4      13987 
      1.41      13188 
      1.42      12404 
      1.43      11410 
      1.44      10578 
      1.45       9644 
      1.46       8801 
      1.47       7888 
      1.48       6982 
      1.49       5973 
       1.5       5049 
      1.51       4139 
      1.52       3287 
      1.53       2783 
      1.54       2371 
      1.55       2057 
      1.56       1915 
      1.57       1857 
      1.58       1949 
      1.59       2079 
       1.6       2398 
      1.61       2858 
      1.62       3396 
      1.63       4138 
      1.64       5085 
      1.65       6079 
      1.66       6831 
      1.67       7778 
      1.68       8716 
      1.69       9404 
       1.7      10369 
      1.71      11286 
      1.72      12120 
      1.73      12876 
      1.74      13537 
      1.75      14074 
      1.76      14135 
      1.77      14185 
      1.78      14407 
      1.79      14380 
       1.8      14304 
      1.81      14072 
      1.82      13949 
      1.83      13643 
      1.84      12708 
      1.85      12214 
      1.86      11396 
      1.87      10775 
      1.88      10144 
      1.89       9375 
       1.9       8355 
      1.91       7531 
      1.92       6564 
      1.93       5643 
      1.94       4764 
      1.95       4004 
      1.96       3423 
      1.97       2813 
      1.98       2138 
      1.99       1619 
         2       1197 
      2.01        824 
      2.02        545 
      2.03        374 
      2.04        315 
      2.05        291 
      2.06        384 
      2.07        551 
      2.08        766 
      2.09       1109 
       2.1       1384 
      2.11       1750 
      2.12       2104 
      2.13       2515 
      2.14       2957 
      2.15       3509 
      2.16       3954 
      2.17       4452 
      2.18       4835 
      2.19       5113 
       2.2       5527 
      2.21       5802 
      2.22       6216 
      2.23       6460 
      2.24       6579 
      2.25       7026 
      2.26       6802 
      2.27       6873 
      2.28       6713 
      2.29       6664 
       2.3       6488 
      2.31       6494 
      2.32       6238 
      2.33       5919 
      2.34       5751 
      2.35       5379 
      2.36       4974 
      2.37       4545 
      2.38       4379 
      2.39       3916 
       2.4       3635 
      2.41       3300 
      2.42       2865 
      2.43       2454 
      2.44       2087 
      2.45       1746 
      2.46       1470 
      2.47       1299 
      2.48       1033 
      2.49        773 
       2.5        593 
      2.51        433 
      2.52        298 
      2.53        196 
      2.54        129 
      2.55         99 
      2.56         94 
      2.57         96 
      2.58        147 
      2.59        194 
       2.6        275 
      2.61        358 
      2.62        400 
      2.63        566 
      2.64        629 
      2.65        769 
      2.66        944 
      2.67       1024 
      2.68       1076 
      2.69       1152 
       2.7       1279 
      2.71       1381 
      2.72       1433 
      2.73       1575 
      2.74       1621 
      2.75       1671 
      2.76       1634 
      2.77       1688 
      2.78       1697 
      2.79       1603 
       2.8       1603 
      2.81       1602 
      2.82       1575 
      2.83       1599 
      2.84       1492 
      2.85       1424 
      2.86       1273 
      2.87       1234 
      2.88       1116 
      2.89       1098 
       2.9        996 
      2.91        931 
      2.92        842 
      2.93        762 
      2.94        676 
      2.95        615 
      2.96        542 
      2.97        471 
      2.98        397 
      2.99        388 
         3        290 
      3.01        297 
      3.02        251 
      3.03        173 
      3.04        163 
      3.05        159 
      3.06        124 
      3.07        136 
      3.08        117 
      3.09        161 
       3.1        113 
      3.11        115 
      3.12        121 
      3.13        136 
      3.14        142 
      3.15        159 
      3.16        161 
      3.17        180 
      3.18        173 
      3.19        225 
       3.2        207 
      3.21        223 
      3.22        238 
      3.23        252 
      3.24        225 
      3.25        292 
      3.26        255 
      3.27        281 
      3.28        250 
      3.29        291 
       3.3        264 
      3.31        281 
      3.32        292 
      3.33        281 
      3.34        285 
      3.35        292 
      3.36        265 
      3.37        260 
      3.38        226 
      3.39        264 
       3.4        253 
      3.41        256 
      3.42        229 
      3.43        217 
      3.44        226 
      3.45        217 
      3.46        219 
      3.47        216 
      3.48        225 
      3.49        173 
       3.5        207 
      3.51        184 
      3.52        193 
      3.53        196 
      3.54        190 
      3.55        167 
      3.56        167 
      3.57        172 
      3.58        174 
      3.59        190 
       3.6        164 
      3.61        189 
      3.62        176 
      3.63        145 
      3.64        165 
      3.65        146 
      3.66        141 
      3.67        133 
      3.68        131 
      3.69        124 
       3.7         98 
      3.71        124 
      3.72        107 
      3.73         96 
      3.74         83 
      3.75         71 
      3.76         68 
      3.77         68 
      3.78         73 
      3.79         70 
       3.8         73 
      3.81         49 
      3.82         53 
      3.83         38 
      3.84         51 
      3.85         60 
      3.86         49 
      3.87         41 
      3.88         59 
      3.89         47 
       3.9         51 
      3.91         51 
      3.92         56 
      3.93         63 
      3.94         59 
      3.95         72 
      3.96         77 
      3.97         86 
      3.98         82 
      3.99         90 
         4         99 
      4.01         96 
      4.02         93 
      4.03        108 
      4.04        129 
      4.05        103 
      4.06         83 
      4.07        115 
      4.08        107 
      4.09        109 
       4.1        122 
      4.11        124 
      4.12        122 
      4.13        146 
      4.14        112 
      4.15        107 
      4.16        104 
      4.17        103 
      4.18        122 
      4.19        113 
       4.2        114 
      4.21         89 
      4.22        105 
      4.23         97 
      4.24         68 
      4.25         62 
      4.26         59 
      4.27         63 
      4.28         60 
      4.29         40 
       4.3         48 
      4.31         38 
      4.32         43 
      4.33         23 
      4.34         26 
      4.35         27 
      4.36         26 
      4.37         15 
      4.38         24 
      4.39         19 
       4.4         15 
      4.41         20 
      4.42         13 
      4.43         19 
      4.44         19 
      4.45         16 
      4.46         27 
      4.47         21 
      4.48         21 
      4.49         21 
       4.5         20 
      4.51         25 
      4.52         31 
      4.53         35 
      4.54         32 
      4.55         44 
      4.56         40 
      4.57         45 
      4.58         61 
      4.59         57 
       4.6         51 
      4.61         49 
      4.62         52 
      4.63         47 
      4.64         78 
      4.65         51 
      4.66         40 
      4.67         62 
      4.68         59 
      4.69         72 
       4.7         65 
      4.71         55 
      4.72         52 
      4.73         46 
      4.74         46 
      4.75         58 
      4.76         52 
      4.77         47 
      4.78         49 
      4.79         48 
       4.8         40 
      4.81         33 
      4.82         26 
      4.83         25 
      4.84         19 
      4.85         31 
      4.86         28 
      4.87         16 
      4.88         23 
      4.89         18 
       4.9         12 
      4.91         15 
      4.92         16 
      4.93         21 
      4.94         10 
      4.95         12 
      4.96         18 
      4.97          8 
      4.98          9 
      4.99          8 
         5         11 
      5.01         10 
      5.02         12 
      5.03         10 
      5.04         13 
      5.05          6 
      5.06         16 
      5.07         17 
      5.08         19 
      5.09          9 
       5.1         13 
      5.11         11 
      5.12         27 
      5.13         17 
      5.14         25 
      5.15         30 
      5.16         12 
      5.17         29 
      5.18         27 
      5.19         16 
       5.2         19 
      5.21         23 
      5.22         25 
      5.23         17 
      5.24         29 
      5.25         32 
      5.26         28 
      5.27         18 
      5.28         27 
      5.29         20 
       5.3         28 
      5.31         29 
      5.32         15 
      5.33         14 
      5.34         16 
      5.35         22 
      5.36         18 
      5.37         11 
      5.38         16 
      5.39         14 
       5.4         14 
      5.41         10 
      5.42          7 
      5.43         13 
      5.44         14 
      5.45          9 
      5.46         13 
      5.47         12 
      5.48         13 
      5.49         14 
       5.5         12 
      5.51         11 
      5.52         13 
      5.53         10 
      5.54          8 
      5.55          5 
      5.56          5 
      5.57          4 
      5.58          8 
      5.59          7 
       5.6         12 
      5.61          4 
      5.62          3 
      5.63          7 
      5.64          7 
      5.65          3 
      5.66          6 
      5.67          9 
      5.68          8 
      5.69         10 
       5.7         11 
      5.71         16 
      5.72          9 
      5.73         10 
      5.74          8 
      5.75         12 
      5.76         12 
      5.77          8 
      5.78          7 
      5.79         12 
       5.8         13 
      5.81          8 
      5.82         13 
      5.83          9 
      5.84         11 
      5.85          9 
      5.86         12 
      5.87         10 
      5.88         11 
      5.89         11 
       5.9          4 
      5.91          8 
      5.92         11 
      5.93         13 
      5.94          7 
      5.95         10 
      5.96          7 
      5.97          7 
      5.98          7 
      5.99          7 
         6         16 
      6.01          7 
      6.02         11 
      6.03         10 
      6.04          9 
      6.05         11 
      6.06          2 
      6.07          8 
      6.08         12 
      6.09          4 
       6.1          9 
      6.11         11 
      6.12         12 
      6.13          3 
      6.14         10 
      6.15          3 
      6.16          6 
      6.17          3 
      6.18         11 
      6.19          5 
       6.2          6 
      6.21          4 
      6.22          9 
      6.23          2 
      6.24          2 
      6.25          5 
      6.26         10 
      6.27          6 
      6.28          3 
      6.29          5 
       6.3          1 
      6.31          2 
      6.32          9 
      6.33          6 
      6.34         11 
      6.35          3 
      6.36          2 
      6.37          7 
      6.38          5 
      6.39          1 
       6.4          3 
      6.41          3 
      6.42          4 
      6.43          9 
      6.44          4 
      6.45         10 
      6.46          8 
      6.47          4 
      6.48          5 
      6.49         12 
       6.5          4 
      6.51          6 
      6.52         11 
      6.53          4 
      6.54          6 
      6.55          5 
      6.56          6 
      6.57          5 
      6.58          6 
      6.59          5 
       6.6         12 
      6.61          6 
      6.62          8 
      6.63          9 
      6.64          6 
      6.65          3 
      6.66          4 
      6.67          6 
      6.68          6 
      6.69          5 
       6.7          4 
      6.71          4 
      6.72          5 
      6.73          3 
      6.74          2 
      6.75          4 
      6.76          7 
      6.77          2 
      6.78          4 
      6.79          4 
       6.8          3 
      6.81          8 
      6.82          4 
      6.83          3 
      6.84          4 
      6.85          3 
      6.86          2 
      6.87         10 
      6.88          2 
      6.89          4 
       6.9          3 
      6.91          5 
      6.92          5 
      6.93          5 
      6.94          4 
      6.95          4 
      6.96          3 
      6.97          4 
      6.98          4 
      6.99          2 
         7          4 
      7.01          3 
      7.02          5 
      7.03          3 
      7.04          5 
      7.05          2 
      7.06          3 
      7.07          6 
      7.08          6 
      7.09          3 
       7.1          3 
      7.11          2 
      7.12          5 
      7.13          7 
      7.14          3 
      7.15          1 
      7.16         10 
      7.17          1 
      7.18          8 
      7.19          2 
       7.2          1 
      7.21          7 
      7.22          5 
      7.23          7 
      7.24          3 
      7.25          6 
      7.26          3 
      7.27          2 
      7.28          6 
      7.29          3 
       7.3          3 
      7.31          3 
      7.32          8 
      7.33          5 
      7.34          4 
      7.35          8 
      7.36          2 
      7.37          2 
      7.38          0 
      7.39          4 
       7.4          4 
      7.41          1 
      7.42          2 
      7.43          3 
      7.44          1 
      7.45          5 
      7.46          4 
      7.47          6 
      7.48          3 
      7.49          1 
       7.5          3 
      7.51          2 
      7.52          3 
      7.53          5 
      7.54          2 
      7.55          1 
      7.56          5 
      7.57          2 
      7.58          0 
      7.59          2 
       7.6          3 
      7.61          2 
      7.62          5 
      7.63          1 
      7.64          5 
      7.65          1 
      7.66          0 
      7.67          3 
      7.68          2 
      7.69          1 
       7.7          1 
      7.71          4 
      7.72          3 
      7.73          2 
      7.74          0 
      7.75          4 
      7.76          3 
      7.77          2 
      7.78          1 
      7.79          4 
       7.8          2 
      7.81          2 
      7.82          1 
      7.83          3 
      7.84          2 
      7.85          3 
      7.86          1 
      7.87          3 
      7.88          3 
      7.89          4 
       7.9          2 
      7.91          2 
      7.92          4 
      7.93          2 
      7.94          5 
      7.95          3 
      7.96          0 
      7.97          2 
      7.98          3 
      7.99          4 
         8          2 
      8.01          3 
      8.02          2 
      8.03          3 
      8.04          5 
      8.05          6 
      8.06          0 
      8.07          1 
      8.08          2 
      8.09          4 
       8.1          2 
      8.11          1 
      8.12          5 
      8.13          6 
      8.14          0 
      8.15          0 
      8.16          1 
      8.17          1 
      8.18          2 
      8.19          2 
       8.2          5 
      8.21          2 
      8.22          0 
      8.23          1 
      8.24          0 
      8.25          1 
      8.26          3 
      8.27          1 
      8.28          3 
      8.29          2 
       8.3          1 
      8.31          2 
      8.32          0 
      8.33          1 
      8.34          3 
      8.35          3 
      8.36          2 
      8.37          3 
      8.38          3 
      8.39          5 
       8.4          3 
      8.41          0 
      8.42          4 
      8.43          1 
      8.44          1 
      8.45          3 
      8.46          2 
      8.47          1 
      8.48          3 
      8.49          6 
       8.5          3 
      8.51          0 
      8.52          5 
      8.53          3 
      8.54          4 
      8.55          3 
      8.56          2 
      8.57          5 
      8.58          2 
      8.59          0 
       8.6          3 
      8.61          3 
      8.62          1 
      8.63          2 
      8.64          4 
      8.65          2 
      8.66          0 
      8.67          1 
      8.68          3 
      8.69          1 
       8.7          2 
      8.71          1 
      8.72          1 
      8.73          1 
      8.74          3 
      8.75          2 
      8.76          2 
      8.77          1 
      8.78          1 
      8.79          4 
       8.8          3 
      8.81          1 
      8.82          1 
      8.83          0 
      8.84          4 
      8.85          3 
      8.86          1 
      8.87          4 
      8.88          2 
      8.89          0 
       8.9          4 
      8.91          3 
      8.92          2 
      8.93          2 
      8.94          2 
      8.95          3 
      8.96          2 
      8.97          1 
      8.98          2 
      8.99          1 
         9          2 
