       0.3 1.04363e+006 
      0.31 1.07056e+006 
      0.32 1.10315e+006 
      0.33 1.13125e+006 
      0.34 1.16218e+006 
      0.35 1.18884e+006 
      0.36 1.21306e+006 
      0.37 1.23842e+006 
      0.38 1.27094e+006 
      0.39 1.30349e+006 
       0.4 1.32276e+006 
      0.41 1.34735e+006 
      0.42 1.37528e+006 
      0.43 1.38541e+006 
      0.44 1.41294e+006 
      0.45 1.43305e+006 
      0.46 1.44558e+006 
      0.47 1.47771e+006 
      0.48 1.4966e+006 
      0.49 1.52003e+006 
       0.5 1.53794e+006 
      0.51 1.55542e+006 
      0.52 1.57938e+006 
      0.53 1.59855e+006 
      0.54 1.62651e+006 
      0.55 1.64672e+006 
      0.56 1.6585e+006 
      0.57 1.68398e+006 
      0.58 1.67896e+006 
      0.59 1.70599e+006 
       0.6 1.73309e+006 
      0.61 1.72484e+006 
      0.62 1.71777e+006 
      0.63 1.73123e+006 
      0.64 1.73736e+006 
      0.65 1.71269e+006 
      0.66 1.71194e+006 
      0.67 1.73005e+006 
      0.68 1.70643e+006 
      0.69 1.6758e+006 
       0.7 1.6598e+006 
      0.71 1.61467e+006 
      0.72 1.56438e+006 
      0.73 1.50641e+006 
      0.74 1.44615e+006 
      0.75 1.37919e+006 
      0.76 1.31576e+006 
      0.77 1.22574e+006 
      0.78 1.1523e+006 
      0.79 1.05218e+006 
       0.8     942280 
      0.81     829168 
      0.82     709064 
      0.83     596240 
      0.84     485288 
      0.85     378584 
      0.86     287728 
      0.87     209760 
      0.88     144383 
      0.89      96706 
       0.9      60203 
      0.91      34445 
      0.92      20202 
      0.93      14929 
      0.94      16695 
      0.95      23456 
      0.96      32942 
      0.97      44171 
      0.98      55470 
      0.99      65478 
         1      74188 
      1.01      80878 
      1.02      86378 
      1.03      88704 
      1.04      91342 
      1.05      91814 
      1.06      91259 
      1.07      88556 
      1.08      84506 
      1.09      78612 
       1.1      74274 
      1.11      68019 
      1.12      62869 
      1.13      56651 
      1.14      51504 
      1.15      45999 
      1.16      40626 
      1.17      35940 
      1.18      31377 
      1.19      27490 
       1.2      25148 
      1.21      22410 
      1.22      21039 
      1.23      19294 
      1.24      18076 
      1.25      17561 
      1.26      16985 
      1.27      16851 
      1.28      16962 
      1.29      17313 
       1.3      17797 
      1.31      17872 
      1.32      18070 
      1.33      17945 
      1.34      17785 
      1.35      17608 
      1.36      17384 
      1.37      16962 
      1.38      16520 
      1.39      15796 
       1.4      14628 
      1.41      13529 
      1.42      12618 
      1.43      11311 
      1.44      10042 
      1.45       9011 
      1.46       7852 
      1.47       6918 
      1.48       5646 
      1.49       4789 
       1.5       3881 
      1.51       3231 
      1.52       2662 
      1.53       2265 
      1.54       2180 
      1.55       2250 
      1.56       2458 
      1.57       2564 
      1.58       2919 
      1.59       3403 
       1.6       4155 
      1.61       4980 
      1.62       5817 
      1.63       6617 
      1.64       7489 
      1.65       8513 
      1.66       9087 
      1.67       9999 
      1.68      10689 
      1.69      11593 
       1.7      12335 
      1.71      12790 
      1.72      13454 
      1.73      13630 
      1.74      13928 
      1.75      13859 
      1.76      13727 
      1.77      13728 
      1.78      13571 
      1.79      13264 
       1.8      12915 
      1.81      12086 
      1.82      11770 
      1.83      10778 
      1.84      10172 
      1.85       9254 
      1.86       8629 
      1.87       7712 
      1.88       6957 
      1.89       6060 
       1.9       5261 
      1.91       4419 
      1.92       3708 
      1.93       3076 
      1.94       2422 
      1.95       1949 
      1.96       1533 
      1.97       1086 
      1.98        726 
      1.99        514 
         2        327 
      2.01        222 
      2.02        229 
      2.03        249 
      2.04        418 
      2.05        542 
      2.06        769 
      2.07       1033 
      2.08       1363 
      2.09       1580 
       2.1       2043 
      2.11       2376 
      2.12       2756 
      2.13       3106 
      2.14       3550 
      2.15       3863 
      2.16       3962 
      2.17       4323 
      2.18       4606 
      2.19       4721 
       2.2       5041 
      2.21       5165 
      2.22       5275 
      2.23       5299 
      2.24       5419 
      2.25       5239 
      2.26       5188 
      2.27       5130 
      2.28       4993 
      2.29       4791 
       2.3       4544 
      2.31       4462 
      2.32       4198 
      2.33       3936 
      2.34       3562 
      2.35       3246 
      2.36       3091 
      2.37       2746 
      2.38       2509 
      2.39       2138 
       2.4       1848 
      2.41       1588 
      2.42       1296 
      2.43       1115 
      2.44        995 
      2.45        733 
      2.46        605 
      2.47        471 
      2.48        332 
      2.49        254 
       2.5        142 
      2.51         99 
      2.52         67 
      2.53         63 
      2.54         56 
      2.55         70 
      2.56        134 
      2.57        185 
      2.58        254 
      2.59        316 
       2.6        400 
      2.61        488 
      2.62        542 
      2.63        657 
      2.64        743 
      2.65        793 
      2.66        980 
      2.67        963 
      2.68       1041 
      2.69       1082 
       2.7       1160 
      2.71       1185 
      2.72       1345 
      2.73       1270 
      2.74       1281 
      2.75       1288 
      2.76       1322 
      2.77       1342 
      2.78       1308 
      2.79       1230 
       2.8       1232 
      2.81       1179 
      2.82       1123 
      2.83       1074 
      2.84       1042 
      2.85       1006 
      2.86        902 
      2.87        845 
      2.88        818 
      2.89        738 
       2.9        640 
      2.91        557 
      2.92        534 
      2.93        466 
      2.94        418 
      2.95        368 
      2.96        327 
      2.97        295 
      2.98        257 
      2.99        212 
         3        195 
      3.01        157 
      3.02        143 
      3.03        128 
      3.04        113 
      3.05        105 
      3.06         96 
      3.07        100 
      3.08         92 
      3.09         82 
       3.1         90 
      3.11         93 
      3.12         95 
      3.13        100 
      3.14        126 
      3.15        131 
      3.16        156 
      3.17        175 
      3.18        155 
      3.19        190 
       3.2        167 
      3.21        194 
      3.22        244 
      3.23        245 
      3.24        217 
      3.25        228 
      3.26        218 
      3.27        249 
      3.28        220 
      3.29        259 
       3.3        252 
      3.31        244 
      3.32        241 
      3.33        250 
      3.34        239 
      3.35        239 
      3.36        239 
      3.37        273 
      3.38        214 
      3.39        250 
       3.4        276 
      3.41        254 
      3.42        208 
      3.43        210 
      3.44        236 
      3.45        180 
      3.46        195 
      3.47        186 
      3.48        175 
      3.49        202 
       3.5        163 
      3.51        185 
      3.52        151 
      3.53        171 
      3.54        159 
      3.55        123 
      3.56        150 
      3.57        131 
      3.58        128 
      3.59        116 
       3.6        104 
      3.61         97 
      3.62        119 
      3.63         95 
      3.64        112 
      3.65         98 
      3.66         92 
      3.67         93 
      3.68         85 
      3.69         68 
       3.7         79 
      3.71         62 
      3.72         70 
      3.73         60 
      3.74         66 
      3.75         57 
      3.76         57 
      3.77         56 
      3.78         55 
      3.79         62 
       3.8         49 
      3.81         47 
      3.82         42 
      3.83         58 
      3.84         48 
      3.85         50 
      3.86         49 
      3.87         62 
      3.88         42 
      3.89         60 
       3.9         60 
      3.91         61 
      3.92         67 
      3.93         61 
      3.94         71 
      3.95         80 
      3.96         74 
      3.97         78 
      3.98         84 
      3.99         78 
         4         93 
      4.01         82 
      4.02        101 
      4.03         91 
      4.04         96 
      4.05         87 
      4.06         97 
      4.07        101 
      4.08         88 
      4.09        110 
       4.1        107 
      4.11        113 
      4.12        103 
      4.13        101 
      4.14         73 
      4.15        101 
      4.16         72 
      4.17         70 
      4.18         81 
      4.19         84 
       4.2         56 
      4.21         83 
      4.22         64 
      4.23         65 
      4.24         62 
      4.25         49 
      4.26         58 
      4.27         45 
      4.28         43 
      4.29         24 
       4.3         37 
      4.31         34 
      4.32         32 
      4.33         26 
      4.34         17 
      4.35         26 
      4.36         13 
      4.37         13 
      4.38         18 
      4.39         15 
       4.4         18 
      4.41         13 
      4.42         10 
      4.43         18 
      4.44         18 
      4.45         16 
      4.46         21 
      4.47         31 
      4.48         23 
      4.49         27 
       4.5         34 
      4.51         34 
      4.52         40 
      4.53         43 
      4.54         41 
      4.55         46 
      4.56         45 
      4.57         47 
      4.58         51 
      4.59         51 
       4.6         54 
      4.61         50 
      4.62         56 
      4.63         45 
      4.64         61 
      4.65         54 
      4.66         54 
      4.67         47 
      4.68         60 
      4.69         66 
       4.7         54 
      4.71         41 
      4.72         51 
      4.73         46 
      4.74         57 
      4.75         37 
      4.76         35 
      4.77         41 
      4.78         37 
      4.79         33 
       4.8         42 
      4.81         25 
      4.82         22 
      4.83         12 
      4.84         18 
      4.85         22 
      4.86         15 
      4.87         13 
      4.88         12 
      4.89          9 
       4.9         13 
      4.91         15 
      4.92          7 
      4.93         10 
      4.94          5 
      4.95         12 
      4.96          9 
      4.97         13 
      4.98         12 
      4.99          6 
         5          7 
      5.01         18 
      5.02         12 
      5.03         13 
      5.04         13 
      5.05         19 
      5.06         16 
      5.07         22 
      5.08         17 
      5.09         12 
       5.1         25 
      5.11         26 
      5.12         19 
      5.13         29 
      5.14         30 
      5.15         19 
      5.16         33 
      5.17         30 
      5.18         30 
      5.19         26 
       5.2         30 
      5.21         25 
      5.22         23 
      5.23         29 
      5.24         17 
      5.25         20 
      5.26         22 
      5.27         18 
      5.28         23 
      5.29         20 
       5.3         21 
      5.31         19 
      5.32         13 
      5.33         18 
      5.34         21 
      5.35         15 
      5.36         12 
      5.37         17 
      5.38         13 
      5.39         11 
       5.4         10 
      5.41         13 
      5.42         15 
      5.43          7 
      5.44         15 
      5.45          9 
      5.46         12 
      5.47         11 
      5.48         12 
      5.49          7 
       5.5          6 
      5.51          4 
      5.52          9 
      5.53         12 
      5.54          8 
      5.55         11 
      5.56         11 
      5.57         10 
      5.58         14 
      5.59          8 
       5.6          9 
      5.61          9 
      5.62          7 
      5.63          9 
      5.64         12 
      5.65          6 
      5.66          5 
      5.67          7 
      5.68          8 
      5.69         10 
       5.7         13 
      5.71         11 
      5.72          7 
      5.73         10 
      5.74         11 
      5.75          4 
      5.76          8 
      5.77          7 
      5.78         11 
      5.79          4 
       5.8          9 
      5.81          3 
      5.82         12 
      5.83          9 
      5.84          7 
      5.85          5 
      5.86         12 
      5.87          9 
      5.88          9 
      5.89          5 
       5.9         11 
      5.91         10 
      5.92         12 
      5.93          8 
      5.94         13 
      5.95         10 
      5.96         10 
      5.97         12 
      5.98          5 
      5.99         15 
         6         12 
      6.01          7 
      6.02          8 
      6.03          6 
      6.04          7 
      6.05         10 
      6.06          7 
      6.07         11 
      6.08         10 
      6.09          5 
       6.1          9 
      6.11          3 
      6.12          2 
      6.13         11 
      6.14          5 
      6.15          5 
      6.16          8 
      6.17          4 
      6.18          7 
      6.19          5 
       6.2          6 
      6.21          3 
      6.22          1 
      6.23          5 
      6.24          7 
      6.25          1 
      6.26          6 
      6.27          2 
      6.28          6 
      6.29          4 
       6.3          1 
      6.31          4 
      6.32          5 
      6.33          4 
      6.34          3 
      6.35          7 
      6.36          4 
      6.37          1 
      6.38          4 
      6.39         10 
       6.4          5 
      6.41          7 
      6.42         10 
      6.43          9 
      6.44          8 
      6.45          6 
      6.46          8 
      6.47         10 
      6.48          7 
      6.49          8 
       6.5         10 
      6.51         12 
      6.52         10 
      6.53         11 
      6.54          4 
      6.55          6 
      6.56          7 
      6.57          1 
      6.58          2 
      6.59          4 
       6.6          0 
      6.61          5 
      6.62          6 
      6.63          6 
      6.64          5 
      6.65          6 
      6.66          3 
      6.67          4 
      6.68          2 
      6.69          5 
       6.7          4 
      6.71          6 
      6.72          3 
      6.73          3 
      6.74          2 
      6.75          2 
      6.76          3 
      6.77          0 
      6.78          2 
      6.79          2 
       6.8          3 
      6.81          5 
      6.82          2 
      6.83          5 
      6.84          0 
      6.85          7 
      6.86          1 
      6.87          2 
      6.88          8 
      6.89          3 
       6.9          2 
      6.91          6 
      6.92          5 
      6.93          2 
      6.94          3 
      6.95          6 
      6.96          5 
      6.97          5 
      6.98          4 
      6.99         10 
         7          2 
      7.01          6 
      7.02          8 
      7.03          2 
      7.04          7 
      7.05          6 
      7.06          5 
      7.07          5 
      7.08          4 
      7.09          4 
       7.1          4 
      7.11          3 
      7.12          1 
      7.13          5 
      7.14          5 
      7.15          6 
      7.16          2 
      7.17          2 
      7.18          2 
      7.19          2 
       7.2          7 
      7.21          3 
      7.22          2 
      7.23          2 
      7.24          4 
      7.25          4 
      7.26          4 
      7.27          4 
      7.28          6 
      7.29          1 
       7.3          5 
      7.31          2 
      7.32          1 
      7.33          1 
      7.34          1 
      7.35          4 
      7.36          5 
      7.37          2 
      7.38          4 
      7.39          1 
       7.4          2 
      7.41          4 
      7.42          3 
      7.43          4 
      7.44          3 
      7.45          7 
      7.46          3 
      7.47          2 
      7.48          4 
      7.49          3 
       7.5          2 
      7.51          2 
      7.52          4 
      7.53          5 
      7.54          2 
      7.55          1 
      7.56          0 
      7.57          6 
      7.58          3 
      7.59          3 
       7.6          5 
      7.61          0 
      7.62          0 
      7.63          0 
      7.64          2 
      7.65          2 
      7.66          3 
      7.67          5 
      7.68          3 
      7.69          4 
       7.7          2 
      7.71          5 
      7.72          0 
      7.73          4 
      7.74          3 
      7.75          2 
      7.76          5 
      7.77          5 
      7.78          7 
      7.79          4 
       7.8          1 
      7.81          5 
      7.82          0 
      7.83          1 
      7.84          2 
      7.85          1 
      7.86          0 
      7.87          0 
      7.88          1 
      7.89          5 
       7.9          3 
      7.91          3 
      7.92          1 
      7.93          2 
      7.94          0 
      7.95          0 
      7.96          3 
      7.97          4 
      7.98          1 
      7.99          3 
         8          2 
      8.01          3 
      8.02          2 
      8.03          1 
      8.04          3 
      8.05          2 
      8.06          2 
      8.07          2 
      8.08          1 
      8.09          2 
       8.1          2 
      8.11          2 
      8.12          6 
      8.13          1 
      8.14          1 
      8.15          5 
      8.16          1 
      8.17          3 
      8.18          2 
      8.19          1 
       8.2          1 
      8.21          3 
      8.22          3 
      8.23          0 
      8.24          0 
      8.25          3 
      8.26          1 
      8.27          2 
      8.28          2 
      8.29          2 
       8.3          4 
      8.31          4 
      8.32          3 
      8.33          5 
      8.34          1 
      8.35          5 
      8.36          6 
      8.37          3 
      8.38          3 
      8.39          2 
       8.4          3 
      8.41          4 
      8.42          2 
      8.43          2 
      8.44          2 
      8.45          5 
      8.46          3 
      8.47          2 
      8.48          0 
      8.49          1 
       8.5          1 
      8.51          1 
      8.52          3 
      8.53          4 
      8.54          3 
      8.55          2 
      8.56          1 
      8.57          0 
      8.58          4 
      8.59          1 
       8.6          3 
      8.61          3 
      8.62          0 
      8.63          1 
      8.64          2 
      8.65          1 
      8.66          2 
      8.67          2 
      8.68          4 
      8.69          6 
       8.7          3 
      8.71          1 
      8.72          3 
      8.73          3 
      8.74          3 
      8.75          4 
      8.76          6 
      8.77          1 
      8.78          1 
      8.79          3 
       8.8          0 
      8.81          2 
      8.82          1 
      8.83          3 
      8.84          1 
      8.85          3 
      8.86          4 
      8.87          1 
      8.88          2 
      8.89          5 
       8.9          2 
      8.91          1 
      8.92          1 
      8.93          2 
      8.94          3 
      8.95          1 
      8.96          4 
      8.97          2 
      8.98          1 
      8.99          3 
         9          2 
