       0.3 1.00559e+006 
      0.31 1.03058e+006 
      0.32 1.06618e+006 
      0.33 1.09394e+006 
      0.34 1.11842e+006 
      0.35 1.15832e+006 
      0.36 1.17139e+006 
      0.37 1.207e+006 
      0.38 1.24338e+006 
      0.39 1.25268e+006 
       0.4 1.28394e+006 
      0.41 1.31045e+006 
      0.42 1.33515e+006 
      0.43 1.3643e+006 
      0.44 1.38277e+006 
      0.45 1.41096e+006 
      0.46 1.43257e+006 
      0.47 1.46728e+006 
      0.48 1.49199e+006 
      0.49 1.50136e+006 
       0.5 1.52171e+006 
      0.51 1.54969e+006 
      0.52 1.56982e+006 
      0.53 1.58921e+006 
      0.54 1.63674e+006 
      0.55 1.65751e+006 
      0.56 1.65968e+006 
      0.57 1.69031e+006 
      0.58 1.68237e+006 
      0.59 1.73513e+006 
       0.6 1.70829e+006 
      0.61 1.75925e+006 
      0.62 1.74759e+006 
      0.63 1.75076e+006 
      0.64 1.78523e+006 
      0.65 1.7546e+006 
      0.66 1.75398e+006 
      0.67 1.76365e+006 
      0.68 1.73538e+006 
      0.69 1.72391e+006 
       0.7 1.70643e+006 
      0.71 1.67673e+006 
      0.72 1.63779e+006 
      0.73 1.5673e+006 
      0.74 1.50883e+006 
      0.75 1.46574e+006 
      0.76 1.3635e+006 
      0.77 1.29078e+006 
      0.78 1.23338e+006 
      0.79 1.13508e+006 
       0.8 1.03128e+006 
      0.81     905128 
      0.82     792432 
      0.83     676656 
      0.84     551424 
      0.85     440336 
      0.86     336200 
      0.87     251752 
      0.88     175744 
      0.89     118452 
       0.9      75751 
      0.91      43894 
      0.92      24568 
      0.93      15329 
      0.94      14493 
      0.95      19834 
      0.96      29244 
      0.97      40982 
      0.98      52917 
      0.99      65161 
         1      74462 
      1.01      82993 
      1.02      89295 
      1.03      94221 
      1.04      96725 
      1.05      97869 
      1.06      96986 
      1.07      95387 
      1.08      91690 
      1.09      87413 
       1.1      81007 
      1.11      75862 
      1.12      69283 
      1.13      63380 
      1.14      57355 
      1.15      51520 
      1.16      45386 
      1.17      39434 
      1.18      34632 
      1.19      29752 
       1.2      26590 
      1.21      23754 
      1.22      21445 
      1.23      19525 
      1.24      17913 
      1.25      16839 
      1.26      16234 
      1.27      15708 
      1.28      16095 
      1.29      16573 
       1.3      16890 
      1.31      17273 
      1.32      17776 
      1.33      18049 
      1.34      18027 
      1.35      17977 
      1.36      17900 
      1.37      17754 
      1.38      17352 
      1.39      17134 
       1.4      16186 
      1.41      15088 
      1.42      13987 
      1.43      13067 
      1.44      11666 
      1.45      10720 
      1.46       9439 
      1.47       8464 
      1.48       7294 
      1.49       5911 
       1.5       4926 
      1.51       4070 
      1.52       3223 
      1.53       2793 
      1.54       2487 
      1.55       2302 
      1.56       2273 
      1.57       2269 
      1.58       2531 
      1.59       2861 
       1.6       3310 
      1.61       4046 
      1.62       4771 
      1.63       5691 
      1.64       6732 
      1.65       7487 
      1.66       8428 
      1.67       9164 
      1.68      10146 
      1.69      10810 
       1.7      11835 
      1.71      12625 
      1.72      13181 
      1.73      13665 
      1.74      13759 
      1.75      13806 
      1.76      13916 
      1.77      13991 
      1.78      14097 
      1.79      13735 
       1.8      13749 
      1.81      13033 
      1.82      12449 
      1.83      11725 
      1.84      11013 
      1.85      10302 
      1.86       9407 
      1.87       8737 
      1.88       7931 
      1.89       7045 
       1.9       6044 
      1.91       5183 
      1.92       4456 
      1.93       3726 
      1.94       3096 
      1.95       2517 
      1.96       1940 
      1.97       1415 
      1.98       1037 
      1.99        657 
         2        456 
      2.01        323 
      2.02        219 
      2.03        202 
      2.04        308 
      2.05        461 
      2.06        644 
      2.07        900 
      2.08       1179 
      2.09       1402 
       2.1       1719 
      2.11       2186 
      2.12       2578 
      2.13       3024 
      2.14       3235 
      2.15       3739 
      2.16       4009 
      2.17       4313 
      2.18       4731 
      2.19       4885 
       2.2       5068 
      2.21       5345 
      2.22       5522 
      2.23       5546 
      2.24       5570 
      2.25       5520 
      2.26       5585 
      2.27       5283 
      2.28       5313 
      2.29       5216 
       2.3       4992 
      2.31       4795 
      2.32       4500 
      2.33       4277 
      2.34       3992 
      2.35       3559 
      2.36       3314 
      2.37       3049 
      2.38       2805 
      2.39       2425 
       2.4       2135 
      2.41       1776 
      2.42       1571 
      2.43       1235 
      2.44       1144 
      2.45        877 
      2.46        703 
      2.47        506 
      2.48        402 
      2.49        267 
       2.5        175 
      2.51        119 
      2.52         67 
      2.53         71 
      2.54         57 
      2.55         68 
      2.56        132 
      2.57        201 
      2.58        226 
      2.59        299 
       2.6        383 
      2.61        474 
      2.62        550 
      2.63        727 
      2.64        777 
      2.65        931 
      2.66        891 
      2.67       1046 
      2.68       1121 
      2.69       1106 
       2.7       1165 
      2.71       1288 
      2.72       1399 
      2.73       1290 
      2.74       1331 
      2.75       1301 
      2.76       1379 
      2.77       1396 
      2.78       1302 
      2.79       1340 
       2.8       1258 
      2.81       1206 
      2.82       1196 
      2.83       1057 
      2.84       1049 
      2.85        971 
      2.86        901 
      2.87        874 
      2.88        782 
      2.89        750 
       2.9        620 
      2.91        624 
      2.92        522 
      2.93        444 
      2.94        428 
      2.95        335 
      2.96        303 
      2.97        255 
      2.98        232 
      2.99        194 
         3        170 
      3.01        126 
      3.02        107 
      3.03         88 
      3.04        115 
      3.05         72 
      3.06         90 
      3.07         74 
      3.08         77 
      3.09         83 
       3.1        108 
      3.11        116 
      3.12        104 
      3.13        126 
      3.14        120 
      3.15        141 
      3.16        161 
      3.17        155 
      3.18        185 
      3.19        211 
       3.2        204 
      3.21        227 
      3.22        202 
      3.23        220 
      3.24        215 
      3.25        230 
      3.26        258 
      3.27        219 
      3.28        231 
      3.29        227 
       3.3        211 
      3.31        210 
      3.32        229 
      3.33        225 
      3.34        221 
      3.35        239 
      3.36        209 
      3.37        216 
      3.38        231 
      3.39        208 
       3.4        185 
      3.41        208 
      3.42        205 
      3.43        168 
      3.44        173 
      3.45        171 
      3.46        190 
      3.47        168 
      3.48        150 
      3.49        166 
       3.5        169 
      3.51        150 
      3.52        167 
      3.53        146 
      3.54        151 
      3.55        160 
      3.56        148 
      3.57        117 
      3.58        155 
      3.59        130 
       3.6        114 
      3.61        115 
      3.62        114 
      3.63        119 
      3.64        103 
      3.65         87 
      3.66         94 
      3.67         95 
      3.68         96 
      3.69         75 
       3.7         74 
      3.71         72 
      3.72         57 
      3.73         63 
      3.74         60 
      3.75         56 
      3.76         57 
      3.77         39 
      3.78         48 
      3.79         41 
       3.8         34 
      3.81         39 
      3.82         37 
      3.83         32 
      3.84         55 
      3.85         37 
      3.86         47 
      3.87         45 
      3.88         38 
      3.89         42 
       3.9         48 
      3.91         63 
      3.92         77 
      3.93         64 
      3.94         66 
      3.95         66 
      3.96         71 
      3.97         89 
      3.98         77 
      3.99         89 
         4         80 
      4.01         77 
      4.02         82 
      4.03         90 
      4.04         91 
      4.05         99 
      4.06         80 
      4.07        122 
      4.08         92 
      4.09         93 
       4.1        109 
      4.11         89 
      4.12         95 
      4.13        107 
      4.14         84 
      4.15         76 
      4.16         73 
      4.17         84 
      4.18         87 
      4.19         76 
       4.2         54 
      4.21         52 
      4.22         50 
      4.23         62 
      4.24         42 
      4.25         39 
      4.26         52 
      4.27         40 
      4.28         27 
      4.29         44 
       4.3         25 
      4.31         27 
      4.32         17 
      4.33         27 
      4.34         21 
      4.35         18 
      4.36         12 
      4.37         14 
      4.38         14 
      4.39         14 
       4.4         19 
      4.41         14 
      4.42         14 
      4.43         17 
      4.44         22 
      4.45         14 
      4.46         19 
      4.47         26 
      4.48         22 
      4.49         25 
       4.5         42 
      4.51         38 
      4.52         38 
      4.53         35 
      4.54         36 
      4.55         41 
      4.56         37 
      4.57         36 
      4.58         53 
      4.59         55 
       4.6         63 
      4.61         44 
      4.62         38 
      4.63         64 
      4.64         50 
      4.65         60 
      4.66         52 
      4.67         59 
      4.68         57 
      4.69         36 
       4.7         49 
      4.71         40 
      4.72         61 
      4.73         44 
      4.74         31 
      4.75         39 
      4.76         33 
      4.77         39 
      4.78         33 
      4.79         27 
       4.8         34 
      4.81         31 
      4.82         24 
      4.83         21 
      4.84         27 
      4.85         18 
      4.86         25 
      4.87         19 
      4.88         21 
      4.89         15 
       4.9         10 
      4.91          7 
      4.92          8 
      4.93          8 
      4.94          9 
      4.95          9 
      4.96          5 
      4.97         10 
      4.98          9 
      4.99          9 
         5         13 
      5.01          4 
      5.02         14 
      5.03         12 
      5.04         11 
      5.05          8 
      5.06         11 
      5.07          9 
      5.08         13 
      5.09         16 
       5.1         12 
      5.11         12 
      5.12         15 
      5.13         18 
      5.14         30 
      5.15         22 
      5.16         22 
      5.17         31 
      5.18         24 
      5.19         32 
       5.2         31 
      5.21         24 
      5.22         18 
      5.23         12 
      5.24         18 
      5.25         27 
      5.26         27 
      5.27         17 
      5.28         25 
      5.29         17 
       5.3         22 
      5.31         22 
      5.32         20 
      5.33         12 
      5.34         17 
      5.35         11 
      5.36         17 
      5.37         19 
      5.38          5 
      5.39         10 
       5.4          8 
      5.41          8 
      5.42          9 
      5.43         13 
      5.44          6 
      5.45          8 
      5.46          8 
      5.47          5 
      5.48          9 
      5.49         14 
       5.5          9 
      5.51          9 
      5.52          5 
      5.53          7 
      5.54          8 
      5.55         10 
      5.56          4 
      5.57          9 
      5.58         10 
      5.59          6 
       5.6          5 
      5.61          7 
      5.62          4 
      5.63         12 
      5.64          5 
      5.65          8 
      5.66         18 
      5.67          7 
      5.68          6 
      5.69         14 
       5.7          8 
      5.71          9 
      5.72          9 
      5.73          8 
      5.74         10 
      5.75         11 
      5.76          6 
      5.77          7 
      5.78         11 
      5.79          9 
       5.8          9 
      5.81         12 
      5.82         12 
      5.83         12 
      5.84          4 
      5.85         10 
      5.86         16 
      5.87          5 
      5.88         12 
      5.89         12 
       5.9          4 
      5.91          8 
      5.92         14 
      5.93         10 
      5.94          4 
      5.95         14 
      5.96         10 
      5.97          9 
      5.98         15 
      5.99         11 
         6          8 
      6.01          8 
      6.02          6 
      6.03         11 
      6.04          5 
      6.05          6 
      6.06          9 
      6.07          8 
      6.08          4 
      6.09          6 
       6.1          6 
      6.11          7 
      6.12          6 
      6.13          6 
      6.14          4 
      6.15          9 
      6.16          9 
      6.17          5 
      6.18          3 
      6.19          3 
       6.2          4 
      6.21          7 
      6.22          8 
      6.23         10 
      6.24          1 
      6.25          5 
      6.26          3 
      6.27          6 
      6.28          5 
      6.29          4 
       6.3          7 
      6.31          4 
      6.32          2 
      6.33          6 
      6.34          6 
      6.35          4 
      6.36          8 
      6.37          4 
      6.38          7 
      6.39          0 
       6.4          4 
      6.41          6 
      6.42          8 
      6.43          6 
      6.44          4 
      6.45          6 
      6.46          4 
      6.47          8 
      6.48          7 
      6.49          5 
       6.5          6 
      6.51          5 
      6.52          9 
      6.53          7 
      6.54          4 
      6.55          2 
      6.56          7 
      6.57          3 
      6.58         11 
      6.59          8 
       6.6         11 
      6.61          8 
      6.62          4 
      6.63          6 
      6.64          2 
      6.65          3 
      6.66          4 
      6.67          2 
      6.68          3 
      6.69          1 
       6.7          5 
      6.71          7 
      6.72          2 
      6.73          8 
      6.74          5 
      6.75          3 
      6.76          4 
      6.77          2 
      6.78          5 
      6.79          1 
       6.8          4 
      6.81          3 
      6.82          2 
      6.83          4 
      6.84          4 
      6.85          1 
      6.86          3 
      6.87          1 
      6.88          0 
      6.89          3 
       6.9          4 
      6.91          5 
      6.92          1 
      6.93          4 
      6.94          1 
      6.95          5 
      6.96          3 
      6.97          8 
      6.98          4 
      6.99          6 
         7          6 
      7.01          3 
      7.02          5 
      7.03          6 
      7.04          6 
      7.05          1 
      7.06          3 
      7.07          9 
      7.08          4 
      7.09          5 
       7.1          4 
      7.11          4 
      7.12          2 
      7.13          1 
      7.14          4 
      7.15          2 
      7.16          4 
      7.17          4 
      7.18          6 
      7.19          5 
       7.2          4 
      7.21          5 
      7.22          3 
      7.23          5 
      7.24          6 
      7.25          3 
      7.26          1 
      7.27          2 
      7.28          1 
      7.29          2 
       7.3          1 
      7.31          2 
      7.32          1 
      7.33          0 
      7.34          2 
      7.35          5 
      7.36          6 
      7.37          4 
      7.38          4 
      7.39          2 
       7.4          0 
      7.41          2 
      7.42          6 
      7.43          2 
      7.44          2 
      7.45          4 
      7.46          4 
      7.47          4 
      7.48          4 
      7.49          1 
       7.5          3 
      7.51          3 
      7.52          3 
      7.53          4 
      7.54          3 
      7.55          4 
      7.56          2 
      7.57          2 
      7.58          3 
      7.59          0 
       7.6          5 
      7.61          4 
      7.62          4 
      7.63          1 
      7.64          3 
      7.65          3 
      7.66          2 
      7.67          7 
      7.68          5 
      7.69          3 
       7.7          2 
      7.71          2 
      7.72          4 
      7.73          7 
      7.74          1 
      7.75          1 
      7.76          4 
      7.77          0 
      7.78          3 
      7.79          0 
       7.8          2 
      7.81          3 
      7.82          4 
      7.83          5 
      7.84          4 
      7.85          1 
      7.86          2 
      7.87          1 
      7.88          3 
      7.89          4 
       7.9          0 
      7.91          0 
      7.92          3 
      7.93          2 
      7.94          1 
      7.95          3 
      7.96          0 
      7.97          2 
      7.98          6 
      7.99          2 
         8          0 
      8.01          4 
      8.02          5 
      8.03          0 
      8.04          1 
      8.05          4 
      8.06          1 
      8.07          2 
      8.08          0 
      8.09          3 
       8.1          4 
      8.11          2 
      8.12          3 
      8.13          3 
      8.14          3 
      8.15          3 
      8.16          1 
      8.17          3 
      8.18          3 
      8.19          3 
       8.2          0 
      8.21          4 
      8.22          0 
      8.23          1 
      8.24          0 
      8.25          0 
      8.26          0 
      8.27          2 
      8.28          0 
      8.29          0 
       8.3          3 
      8.31          1 
      8.32          3 
      8.33          2 
      8.34          4 
      8.35          1 
      8.36          4 
      8.37          1 
      8.38          3 
      8.39          1 
       8.4          2 
      8.41          1 
      8.42          3 
      8.43          2 
      8.44          1 
      8.45          2 
      8.46          4 
      8.47          1 
      8.48          4 
      8.49          3 
       8.5          2 
      8.51          1 
      8.52          1 
      8.53          2 
      8.54          3 
      8.55          2 
      8.56          3 
      8.57          5 
      8.58          1 
      8.59          1 
       8.6          1 
      8.61          0 
      8.62          3 
      8.63          2 
      8.64          4 
      8.65          0 
      8.66          2 
      8.67          2 
      8.68          5 
      8.69          0 
       8.7          1 
      8.71          2 
      8.72          1 
      8.73          3 
      8.74          6 
      8.75          2 
      8.76          1 
      8.77          1 
      8.78          1 
      8.79          5 
       8.8          1 
      8.81          5 
      8.82          2 
      8.83          2 
      8.84          1 
      8.85          2 
      8.86          2 
      8.87          0 
      8.88          3 
      8.89          4 
       8.9          1 
      8.91          2 
      8.92          3 
      8.93          1 
      8.94          3 
      8.95          2 
      8.96          2 
      8.97          0 
      8.98          1 
      8.99          0 
         9          1 
